[gd_scene load_steps=9 format=3 uid="uid://bbmjejxxpmkor"]

[ext_resource type="Script" uid="uid://blyiipwaegf27" path="res://scripts/game_manager.gd" id="1_jyhfs"]
[ext_resource type="PackedScene" uid="uid://bgowi30lhgagn" path="res://scenes/player.tscn" id="1_o5qli"]
[ext_resource type="Script" uid="uid://dsdkvtijr8evj" path="res://scripts/view.gd" id="2_0wfyh"]
[ext_resource type="PackedScene" uid="uid://vtr8rxg88pl" path="res://scenes/skeleton_minion.tscn" id="2_tbgi4"]
[ext_resource type="PackedScene" uid="uid://frhfsa4fls6e" path="res://scenes/pause_menu.tscn" id="3_sugp2"]

[sub_resource type="ProceduralSkyMaterial" id="ProceduralSkyMaterial_0wfyh"]
sky_horizon_color = Color(0.662243, 0.671743, 0.686743, 1)
ground_horizon_color = Color(0.662243, 0.671743, 0.686743, 1)

[sub_resource type="Sky" id="Sky_sugp2"]
sky_material = SubResource("ProceduralSkyMaterial_0wfyh")

[sub_resource type="Environment" id="Environment_jyhfs"]
background_mode = 2
sky = SubResource("Sky_sugp2")
tonemap_mode = 2
glow_enabled = true

[node name="GameManager" type="Node"]
process_mode = 3
script = ExtResource("1_jyhfs")

[node name="Level" type="Node3D" parent="."]
process_mode = 1

[node name="Environment" type="WorldEnvironment" parent="Level"]
environment = SubResource("Environment_jyhfs")

[node name="Sun" type="DirectionalLight3D" parent="Level"]
transform = Transform3D(-0.866023, -0.433016, 0.250001, 0, 0.499998, 0.866027, -0.500003, 0.749999, -0.43301, 0, -1.48465, 0)
shadow_enabled = true

[node name="CSGBox3D" type="CSGBox3D" parent="Level"]
transform = Transform3D(1, 0, 0, 0, 1, 0, 0, 0, 1, 1.97, 0.0277652, -1.53033)
use_collision = true
size = Vector3(118.01, 1, 40.7536)

[node name="Enemies" type="Node3D" parent="Level"]

[node name="SkeletonMinion" parent="Level/Enemies" instance=ExtResource("2_tbgi4")]
transform = Transform3D(0.506907, 0, -0.862001, 0, 1, 0, 0.862001, 0, 0.506907, 11.2543, 0.804653, -7.82676)

[node name="Player" parent="Level" instance=ExtResource("1_o5qli")]
transform = Transform3D(1, 0, 0, 0, 1, 0, 0, 0, 1, 0, 0.695196, 0)

[node name="View" type="Node3D" parent="Level" node_paths=PackedStringArray("target")]
script = ExtResource("2_0wfyh")
target = NodePath("../Player")

[node name="Camera" type="Camera3D" parent="Level/View"]
transform = Transform3D(1, 0, 0, 0, 0.914988, 0.403481, 0, -0.403481, 0.914988, 0, 6.74686, 8.29859)
fov = 76.3629

[node name="UI" type="CanvasLayer" parent="."]

[node name="HUD" type="Control" parent="UI"]
layout_mode = 3
anchors_preset = 15
anchor_right = 1.0
anchor_bottom = 1.0
grow_horizontal = 2
grow_vertical = 2

[node name="PauseMenu" parent="UI" node_paths=PackedStringArray("game_manager") instance=ExtResource("3_sugp2")]
visible = false
game_manager = NodePath("../..")
