[gd_scene load_steps=4 format=3 uid="uid://bgowi30lhgagn"]

[ext_resource type="Script" uid="uid://cqe7gxr3xgn1t" path="res://scripts/player.gd" id="1_g2els"]
[ext_resource type="PackedScene" uid="uid://pg42qc6thrp8" path="res://scenes/knight.tscn" id="2_g2els"]

[sub_resource type="CapsuleShape3D" id="CapsuleShape3D_g2els"]
radius = 0.4

[node name="Player" type="CharacterBody3D"]
physics_interpolation_mode = 1
script = ExtResource("1_g2els")

[node name="CollisionShape3D" type="CollisionShape3D" parent="."]
transform = Transform3D(1, 0, 0, 0, 1, 0, 0, 0, 1, 0, 1, 0)
shape = SubResource("CapsuleShape3D_g2els")

[node name="Knight" parent="." instance=ExtResource("2_g2els")]

[node name="1H_Sword_Offhand" parent="Knight/Rig/Skeleton3D" index="0"]
transform = Transform3D(2.65221e-08, 0.262865, 0.964832, 0.999999, -5.33634e-07, 5.38426e-07, 8.70782e-07, 0.964832, -0.262865, 0.51224, 0.636705, -0.00210785)

[node name="Badge_Shield" parent="Knight/Rig/Skeleton3D" index="1"]
transform = Transform3D(4.89419e-08, 0.262864, 0.964832, 0.999999, -3.06881e-06, 1.20589e-06, 3.49226e-06, 0.964832, -0.262864, 0.662643, 0.636705, -0.0430846)

[node name="Rectangle_Shield" parent="Knight/Rig/Skeleton3D" index="2"]
transform = Transform3D(4.89419e-08, 0.262864, 0.964832, 0.999999, -3.06881e-06, 1.20589e-06, 3.49226e-06, 0.964832, -0.262864, 0.662643, 0.636705, -0.0430846)

[node name="Round_Shield" parent="Knight/Rig/Skeleton3D" index="3"]
transform = Transform3D(4.89419e-08, 0.262864, 0.964832, 0.999999, -3.06881e-06, 1.20589e-06, 3.49226e-06, 0.964832, -0.262864, 0.662643, 0.636705, -0.0430846)

[node name="Spike_Shield" parent="Knight/Rig/Skeleton3D" index="4"]
transform = Transform3D(4.89419e-08, 0.262864, 0.964832, 0.999999, -3.06881e-06, 1.20589e-06, 3.49226e-06, 0.964832, -0.262864, 0.662643, 0.636705, -0.0430846)

[node name="1H_Sword" parent="Knight/Rig/Skeleton3D" index="5"]
transform = Transform3D(4.37053e-07, -0.149893, 0.988701, 0.999999, -9.21064e-07, -8.64267e-07, 1.38e-06, 0.988701, 0.149894, -0.496053, 0.64103, 0.139528)

[node name="2H_Sword" parent="Knight/Rig/Skeleton3D" index="6"]
transform = Transform3D(4.21314e-07, -0.149893, 0.988701, 0.999999, -9.35798e-07, -8.50581e-07, 1.39252e-06, 0.988701, 0.149894, -0.496053, 0.64103, 0.139528)

[node name="Knight_Helmet" parent="Knight/Rig/Skeleton3D" index="7"]
transform = Transform3D(0.99972, -1.40145e-09, 0.0236468, 1.39343e-09, 1, 3.55687e-10, -0.0236468, -3.22638e-10, 0.99972, 4.69869e-07, 1.20229, -1.19779e-07)

[node name="Knight_Cape" parent="Knight/Rig/Skeleton3D" index="8"]
transform = Transform3D(0.996275, -5.14962e-09, 0.0862354, 5.13044e-09, 1, 4.44078e-10, -0.0862354, 1.46374e-15, 0.996275, -1.63023e-08, 1.20229, -1.40136e-07)

[node name="AnimationTree" type="AnimationTree" parent="."]
root_node = NodePath("../Knight")
anim_player = NodePath("../Knight/AnimationPlayer")

[editable path="Knight"]
